10000 10001101001010000000000000001100
10001 00000001000100100100000000100000
10002 00000010001010000101000000100010
10003 10101101001010100000000000001100
10004 00000001000010101000100000101010
10005 00000000000000000000000000100011
10006 00000000000000000000000011011101
10007 00000000000000000000000100010101
10008 00000000000000000000000110001111
10009 00000000000000000000000100011001
1000A 00000000000000000000000101010110
1000B 00000000000000000000000001010001
1000C 00000000000000000000000100001100
1000D 00000000000000000000000101110100
1000E 00000000000000000000000100000111
1000F 00000000000000000000000001111100
10010 00000000000000000000000011101010
10011 00000000000000000000000011000011
10012 00000000000000000000000001011111
10013 00000000000000000000000101100011
10014 00000000000000000000000011100101
10015 00000000000000000000000101101101
10016 00000000000000000000000011100010
10017 00000000000000000000000111001111
10018 00000000000000000000000100000011
10019 00000000000000000000000110011110
1001A 00000000000000000000000100001011
1001B 00000000000000000000000001010000
1001C 00000000000000000000000100101100
1001D 00000000000000000000000110111001
1001E 00000000000000000000000010111010
1001F 00000000000000000000000010110101
10020 00000000000000000000000100001100
10021 00000000000000000000000111100011
10022 00000000000000000000000100110110
10023 00000000000000000000000001001100
10024 00000000000000000000000110101101
10025 00000000000000000000000000011011
10026 00000000000000000000000010100111
10027 00000000000000000000000000001110
10028 00000000000000000000000001010101
10029 00000000000000000000000100110011
1002A 00000000000000000000000011011001
1002B 00000000000000000000000011011010
1002C 00000000000000000000000010110101
1002D 00000000000000000000000010001011
1002E 00000000000000000000000010100010
1002F 00000000000000000000000010100001
10030 00000000000000000000000100110101
10031 00000000000000000000000011101001
10032 00000000000000000000000111000010
10033 00000000000000000000000111110001
10034 00000000000000000000000101001110
10035 00000000000000000000000111110100
10036 00000000000000000000000101000011
10037 00000000000000000000000111001000
10038 00000000000000000000000100101000
10039 00000000000000000000000111100000
1003A 00000000000000000000000110000100
1003B 00000000000000000000000110100000
1003C 00000000000000000000000110011001
1003D 00000000000000000000000111010100
1003E 00000000000000000000000111011011
1003F 00000000000000000000000111011001
10040 00000000000000000000000101111010
10041 00000000000000000000000100000110
10042 00000000000000000000000110000111
10043 00000000000000000000000001001010
10044 00000000000000000000000110111101
10045 00000000000000000000000101000001
10046 00000000000000000000000100010001
10047 00000000000000000000000010001001
10048 00000000000000000000000001000101
10049 00000000000000000000000010011100
1004A 00000000000000000000000110011101
1004B 00000000000000000000000011011010
1004C 00000000000000000000000001111111
1004D 00000000000000000000000001110010
1004E 00000000000000000000000110101111
1004F 00000000000000000000000111110110
10050 00000000000000000000000000000010
10051 00000000000000000000000001110010
10052 00000000000000000000000000001011
10053 00000000000000000000000011111010
10054 00000000000000000000000100001010
10055 00000000000000000000000001101010
10056 00000000000000000000000111000001
10057 00000000000000000000000110100011
10058 00000000000000000000000010010000
10059 00000000000000000000000000000011
1005A 00000000000000000000000001110001
1005B 00000000000000000000000110111010
1005C 00000000000000000000000111111000
1005D 00000000000000000000000011011011
1005E 00000000000000000000000010111010
1005F 00000000000000000000000100010000
10060 00000000000000000000000011010111
10061 00000000000000000000000111001000
10062 00000000000000000000000101110001
10063 00000000000000000000000110110001
10064 00000000000000000000000000010100
10065 00000000000000000000000011011000
10066 00000000000000000000000111000000
10067 00000000000000000000000000111010
10068 00000000000000000000000011110111
10069 00000000000000000000000110010100
1006A 00000000000000000000000110010000
1006B 00000000000000000000000000000000
1006C 00000000000000000000000111111001
1006D 00000000000000000000000110000000
1006E 00000000000000000000000111010111
1006F 00000000000000000000000010100111
10070 00000000000000000000000100110000
10071 00000000000000000000000001100111
10072 00000000000000000000000000101100
10073 00000000000000000000000000111101
10074 00000000000000000000000111111110
10075 00000000000000000000000000011110
10076 00000000000000000000000111111100
10077 00000000000000000000000001001110
10078 00000000000000000000000001011011
10079 00000000000000000000000001110110
1007A 00000000000000000000000111110100
1007B 00000000000000000000000110111110
1007C 00000000000000000000000010001010
1007D 00000000000000000000000000000000
1007E 00000000000000000000000111111001
1007F 00000000000000000000000111111111
10080 00000000000000000000000100111011
10081 00000000000000000000000011011111
10082 00000000000000000000000011010011
10083 00000000000000000000000100111100
10084 00000000000000000000000101011001
10085 00000000000000000000000001110010
10086 00000000000000000000000100000001
10087 00000000000000000000000110011110
10088 00000000000000000000000001110010
10089 00000000000000000000000011001010
1008A 00000000000000000000000110110100
1008B 00000000000000000000000001000101
1008C 00000000000000000000000010101100
1008D 00000000000000000000000000100011
1008E 00000000000000000000000111010001
1008F 00000000000000000000000011010100
10090 00000000000000000000000101011011
10091 00000000000000000000000001100100
10092 00000000000000000000000100000100
10093 00000000000000000000000010000001
10094 00000000000000000000000000001100
10095 00000000000000000000000101101100
10096 00000000000000000000000001110010
10097 00000000000000000000000101111110
10098 00000000000000000000000010100101
10099 00000000000000000000000010000100
1009A 00000000000000000000000101100010
1009B 00000000000000000000000100111010
1009C 00000000000000000000000010000001
1009D 00000000000000000000000110100010
1009E 00000000000000000000000001010100
1009F 00000000000000000000000110001101
100A0 00000000000000000000000111100000
100A1 00000000000000000000000001010001
100A2 00000000000000000000000001101011
100A3 00000000000000000000000000100001
100A4 00000000000000000000000011110100
100A5 00000000000000000000000000010010
100A6 00000000000000000000000111011010
100A7 00000000000000000000000010010110
100A8 00000000000000000000000111100100
100A9 00000000000000000000000011010011
100AA 00000000000000000000000111111001
100AB 00000000000000000000000011010110
100AC 00000000000000000000000110100011
100AD 00000000000000000000000110110010
100AE 00000000000000000000000100011001
100AF 00000000000000000000000111001000
100B0 00000000000000000000000000111100
100B1 00000000000000000000000010110000
100B2 00000000000000000000000011011110
100B3 00000000000000000000000100100001
100B4 00000000000000000000000001000000
100B5 00000000000000000000000100101100
100B6 00000000000000000000000111010111
100B7 00000000000000000000000110000110
100B8 00000000000000000000000001111011
100B9 00000000000000000000000100001101
100BA 00000000000000000000000001100100
100BB 00000000000000000000000001010011
100BC 00000000000000000000000011000100
100BD 00000000000000000000000101100000
100BE 00000000000000000000000110010011
100BF 00000000000000000000000001011010
100C0 00000000000000000000000010110011
100C1 00000000000000000000000011001111
100C2 00000000000000000000000010010101
100C3 00000000000000000000000011011100
100C4 00000000000000000000000110000001
100C5 00000000000000000000000011100011
100C6 00000000000000000000000010100000
100C7 00000000000000000000000101111100
100C8 00000000000000000000000011011011
100C9 00000000000000000000000000101100
100CA 00000000000000000000000110100110
100CB 00000000000000000000000101111010
100CC 00000000000000000000000101110111
100CD 00000000000000000000000110110100
100CE 00000000000000000000000000100001
100CF 00000000000000000000000110110011
100D0 00000000000000000000000101111110
100D1 00000000000000000000000011011101
100D2 00000000000000000000000101111001
100D3 00000000000000000000000000001001
100D4 00000000000000000000000001111100
100D5 00000000000000000000000010100110
100D6 00000000000000000000000011100101
100D7 00000000000000000000000110101101
100D8 00000000000000000000000001011101
100D9 00000000000000000000000111001100
100DA 00000000000000000000000010010110
100DB 00000000000000000000000001101001
100DC 00000000000000000000000101000000
100DD 00000000000000000000000010100001
100DE 00000000000000000000000111111101
100DF 00000000000000000000000110110001
100E0 00000000000000000000000001110011
100E1 00000000000000000000000110010100
100E2 00000000000000000000000010010000
100E3 00000000000000000000000001110001
100E4 00000000000000000000000110110010
100E5 00000000000000000000000001100001
100E6 00000000000000000000000000001000
100E7 00000000000000000000000010111011
100E8 00000000000000000000000100000011
100E9 00000000000000000000000110111010
100EA 00000000000000000000000000111000
100EB 00000000000000000000000001110101
100EC 00000000000000000000000011011001
100ED 00000000000000000000000110111000
100EE 00000000000000000000000100000010
100EF 00000000000000000000000111011100
100F0 00000000000000000000000000011011
100F1 00000000000000000000000011101000
100F2 00000000000000000000000010000101
100F3 00000000000000000000000001001000
100F4 00000000000000000000000110100001
100F5 00000000000000000000000111111001
100F6 00000000000000000000000010101111
100F7 00000000000000000000000100000101
100F8 00000000000000000000000100110001
100F9 00000000000000000000000100001110
100FA 00000000000000000000000110101110
100FB 00000000000000000000000101000000
100FC 00000000000000000000000010101111
100FD 00000000000000000000000110101010
100FE 00000000000000000000000001001100
100FF 00000000000000000000000100000101
10100 00000000000000000000000101001100
10101 00000000000000000000000011000101
10102 00000000000000000000000001000010
10103 00000000000000000000000000110110
10104 00000000000000000000000111000000
10105 00000000000000000000000000001101
10106 00000000000000000000000010110110
10107 00000000000000000000000011100010
10108 00000000000000000000000001011110
10109 00000000000000000000000111000110
1010A 00000000000000000000000011000101
1010B 00000000000000000000000011110010
1010C 00000000000000000000000110011110
1010D 00000000000000000000000110011010
1010E 00000000000000000000000010110010
1010F 00000000000000000000000101011011
10110 00000000000000000000000000110110
10111 00000000000000000000000011010100
10112 00000000000000000000000010101011
10113 00000000000000000000000100001011
10114 00000000000000000000000000111000
10115 00000000000000000000000100001111
10116 00000000000000000000000101110011
10117 00000000000000000000000111000001
10118 00000000000000000000000111000010
10119 00000000000000000000000111110110
1011A 00000000000000000000000000011100
1011B 00000000000000000000000010100100
1011C 00000000000000000000000011100011
1011D 00000000000000000000000100101000
1011E 00000000000000000000000000011100
1011F 00000000000000000000000111100001
10120 00000000000000000000000111110000
10121 00000000000000000000000001001110
10122 00000000000000000000000001110100
10123 00000000000000000000000000010101
10124 00000000000000000000000101010001
10125 00000000000000000000000110010110
10126 00000000000000000000000101010111
10127 00000000000000000000000100111101
10128 00000000000000000000000111111101
10129 00000000000000000000000101111011
1012A 00000000000000000000000111100001
1012B 00000000000000000000000111101001
1012C 00000000000000000000000001001000
1012D 00000000000000000000000001011001
1012E 00000000000000000000000010110010
1012F 00000000000000000000000001001111
10130 00000000000000000000000101110111
10131 00000000000000000000000011001110
10132 00000000000000000000000100001010
10133 00000000000000000000000100101100
10134 00000000000000000000000110011111
10135 00000000000000000000000100001001
10136 00000000000000000000000111101101
10137 00000000000000000000000100001100
10138 00000000000000000000000010111000
10139 00000000000000000000000100111001
1013A 00000000000000000000000000101110
1013B 00000000000000000000000010010001
1013C 00000000000000000000000110001111
1013D 00000000000000000000000000111100
1013E 00000000000000000000000011100010
1013F 00000000000000000000000001100010
10140 00000000000000000000000100110010
10141 00000000000000000000000101000001
10142 00000000000000000000000110011101
10143 00000000000000000000000101011001
10144 00000000000000000000000111100100
10145 00000000000000000000000110001010
10146 00000000000000000000000100101100
10147 00000000000000000000000011101011
10148 00000000000000000000000101000000
10149 00000000000000000000000011100110
1014A 00000000000000000000000111111100
1014B 00000000000000000000000110000100
1014C 00000000000000000000000000010001
1014D 00000000000000000000000101100001
1014E 00000000000000000000000101000100
1014F 00000000000000000000000110010010
10150 00000000000000000000000111100011
10151 00000000000000000000000111000111
10152 00000000000000000000000100111110
10153 00000000000000000000000100110110
10154 00000000000000000000000110110010
10155 00000000000000000000000000110000
10156 00000000000000000000000100101010
10157 00000000000000000000000101100000
10158 00000000000000000000000100010111
10159 00000000000000000000000001011101
1015A 00000000000000000000000110110010
1015B 00000000000000000000000111011001
1015C 00000000000000000000000110010111
1015D 00000000000000000000000100010010
1015E 00000000000000000000000101011001
1015F 00000000000000000000000000101111
10160 00000000000000000000000000100000
10161 00000000000000000000000110110101
10162 00000000000000000000000100011110
10163 00000000000000000000000111101101
10164 00000000000000000000000110111110
10165 00000000000000000000000010000111
10166 00000000000000000000000100100010
10167 00000000000000000000000001110110
10168 00000000000000000000000110001010
10169 00000000000000000000000101110111
1016A 00000000000000000000000001001001
1016B 00000000000000000000000100000110
1016C 00000000000000000000000101110100
1016D 00000000000000000000000001011101
1016E 00000000000000000000000000011101
1016F 00000000000000000000000011110010
10170 00000000000000000000000100111000
10171 00000000000000000000000010010011
10172 00000000000000000000000111011111
10173 00000000000000000000000111101001
10174 00000000000000000000000011111000
10175 00000000000000000000000001011111
10176 00000000000000000000000011011010
10177 00000000000000000000000101011011
10178 00000000000000000000000100110100
10179 00000000000000000000000101110111
1017A 00000000000000000000000000010110
1017B 00000000000000000000000101001010
1017C 00000000000000000000000011010010
1017D 00000000000000000000000111100101
1017E 00000000000000000000000101111010
1017F 00000000000000000000000111101011
10180 00000000000000000000000010011111
10181 00000000000000000000000100100101
10182 00000000000000000000000100000111
10183 00000000000000000000000000101001
10184 00000000000000000000000101010001
10185 00000000000000000000000011100010
10186 00000000000000000000000101011111
10187 00000000000000000000000111100111
10188 00000000000000000000000010000010
10189 00000000000000000000000011111001
1018A 00000000000000000000000000011110
1018B 00000000000000000000000100110100
1018C 00000000000000000000000100111011
1018D 00000000000000000000000110000000
1018E 00000000000000000000000110010100
1018F 00000000000000000000000111100110
10190 00000000000000000000000011001000
10191 00000000000000000000000110001000
10192 00000000000000000000000110000111
10193 00000000000000000000000101000100
10194 00000000000000000000000101001000
10195 00000000000000000000000111110101
10196 00000000000000000000000000100000
10197 00000000000000000000000100010101
10198 00000000000000000000000000110001
10199 00000000000000000000000101101011
1019A 00000000000000000000000100010000
1019B 00000000000000000000000101011000
1019C 00000000000000000000000001011101
1019D 00000000000000000000000010011000
1019E 00000000000000000000000011101011
1019F 00000000000000000000000100101111
101A0 00000000000000000000000010000100
101A1 00000000000000000000000101001100
101A2 00000000000000000000000001011100
101A3 00000000000000000000000100010011
101A4 00000000000000000000000100100110
101A5 00000000000000000000000011100000
101A6 00000000000000000000000101011011
101A7 00000000000000000000000101011101
101A8 00000000000000000000000011000110
101A9 00000000000000000000000100010110
101AA 00000000000000000000000011010101
101AB 00000000000000000000000100110110
101AC 00000000000000000000000000000110
101AD 00000000000000000000000001011100
101AE 00000000000000000000000001011011
101AF 00000000000000000000000011000111
101B0 00000000000000000000000111010001
101B1 00000000000000000000000010100000
101B2 00000000000000000000000001010000
101B3 00000000000000000000000000001001
101B4 00000000000000000000000011111001
101B5 00000000000000000000000101000100
101B6 00000000000000000000000011101100
101B7 00000000000000000000000111111100
101B8 00000000000000000000000111111011
101B9 00000000000000000000000010101001
101BA 00000000000000000000000110111011
101BB 00000000000000000000000000111101
101BC 00000000000000000000000101011111
101BD 00000000000000000000000010111011
101BE 00000000000000000000000111110011
101BF 00000000000000000000000011111111
101C0 00000000000000000000000100101110
101C1 00000000000000000000000110000110
101C2 00000000000000000000000111010000
101C3 00000000000000000000000100101100
101C4 00000000000000000000000001001011
101C5 00000000000000000000000101011011
101C6 00000000000000000000000001101110
101C7 00000000000000000000000000100101
101C8 00000000000000000000000100101101
101C9 00000000000000000000000101010100
101CA 00000000000000000000000000110100
101CB 00000000000000000000000000000100
101CC 00000000000000000000000001011001
101CD 00000000000000000000000100100111
101CE 00000000000000000000000110101011
101CF 00000000000000000000000010000010
101D0 00000000000000000000000001011011
101D1 00000000000000000000000000010001
101D2 00000000000000000000000111011100
101D3 00000000000000000000000111000110
101D4 00000000000000000000000010001101
101D5 00000000000000000000000001111101
101D6 00000000000000000000000111000011
101D7 00000000000000000000000100100001
101D8 00000000000000000000000111000000
101D9 00000000000000000000000001101011
101DA 00000000000000000000000000111100
101DB 00000000000000000000000010100101
101DC 00000000000000000000000001011001
101DD 00000000000000000000000000100000
101DE 00000000000000000000000011101100
101DF 00000000000000000000000011000010
101E0 00000000000000000000000110100011
101E1 00000000000000000000000010101101
101E2 00000000000000000000000100010010
101E3 00000000000000000000000110110000
101E4 00000000000000000000000100111110
101E5 00000000000000000000000011110110
101E6 00000000000000000000000011100011
101E7 00000000000000000000000001010000
101E8 00000000000000000000000001111101
101E9 00000000000000000000000110010011
101EA 00000000000000000000000101001001
101EB 00000000000000000000000001001000
101EC 00000000000000000000000100100000
101ED 00000000000000000000000010010000
101EE 00000000000000000000000111111011
101EF 00000000000000000000000011010100
101F0 00000000000000000000000010010000
101F1 00000000000000000000000101110000
101F2 00000000000000000000000111010011
101F3 00000000000000000000000101011000
